Linie	KNO3 [mM]	PR length fiji	PR length [cm]	LR count 	LRD [1/cm]				
6909	0.1	2.147	5,45	11	2,02				
6909	0.1	NA	NA	NA	NA				
6909	0.1	NA	NA	NA	NA				
6909	0.1	NA	NA	NA	NA				
6909	0.1	1.592	4,04	8	1,98				
6909	0.1	2.270	5,77	12	2,08				
6909	0.1	1.989	5,05	9	1,78				
6909	0.1	2.059	5,23	11	2,10				
6909	0.1	1.770	4,50	9	2,00				
6909	0.1	1.787	4,54	8	1,76				
6909	0.1	1.998	5,07	10	1,97				
6909	0.1	2.299	5,84	11	1,88				
6909	0.1	2.115	5,37	12	2,23				
6909	0.1	2.260	5,74	15	2,61				
6909	0.1	2.152	5,47	9	1,65				
6909	0.1	2.093	5,32	8	1,50				
6909	0.1	2.141	5,44	15	2,76				
6909	0.1	1.965	4,99	11	2,20				
6909	0.1	1.354	3,44	6	1,74				
6909	0.1	1.839	4,67	8	1,71				
6909	0.5	3.182	8,08	21	2,60				
6909	0.5	2.987	7,59	18	2,37				
6909	0.5	2.782	7,07	14	1,98				
6909	0.5	2.773	7,04	11	1,56				
6909	0.5	2.490	6,32	19	3,00				
6909	0.5	2.966	7,53	20	2,65				
6909	0.5	3.267	8,30	22	2,65				
6909	0.5	2.734	6,94	17	2,45				
6909	0.5	3.520	8,94	26	2,91				
6909	0.5	3.078	7,82	24	3,07				
6909	0.5	2.599	6,60	18	2,73				
6909	0.5	2.783	7,07	20	2,83				
6909	0.5	3.078	7,82	19	2,43				
6909	0.5	2.577	6,55	17	2,60				
6909	0.5	3.040	7,72	20	2,59				
6909	0.5	2.265	5,75	15	2,61				
6909	0.5	3.082	7,83	17	2,17				
6909	0.5	2.282	5,80	14	2,42				
6909	0.5	2.845	7,23	18	2,49				
6909	0.5	2.948	7,49	21	2,80				
6909	2	2.940	7,47	17	2,28				
6909	2	2.955	7,51	19	2,53				
6909	2	2.813	7,15	18	2,52				
6909	2	3.487	8,86	23	2,60				
6909	2	2.488	6,32	13	2,06				
6909	2	3.565	9,06	24	2,65				
6909	2	3.557	9,03	27	2,99				
6909	2	3.563	9,05	25	2,76				
6909	2	3.479	8,84	22	2,49				
6909	2	3.457	8,78	24	2,73				
6909	2	3.387	8,60	26	3,02				
6909	2	2.903	7,37	18	2,44				
6909	2	3.023	7,68	20	2,60				
6909	2	3.971	10,09	31	3,07				
6909	2	3.605	9,16	29	3,17				
6909	2	3.161	8,03	18	2,24				
6909	2	3.064	7,78	22	2,83				
6909	2	3.087	7,84	19	2,42				
6909	2	3.262	8,29	18	2,17				
6909	2	3.110	7,90	23	2,91				
6909	5	2.206	5,60	12	2,14				
6909	5	2.887	7,33	16	2,18				
6909	5	2.630	6,68	15	2,25				
6909	5	2.424	6,16	14	2,27				
6909	5	2.430	6,17	12	1,94				
6909	5	2.880	7,32	16	2,19				
6909	5	2.860	7,26	17	2,34				
6909	5	3.144	7,99	27	3,38				
6909	5	3.311	8,41	22	2,62				
6909	5	2.997	7,61	23	3,02				
6909	5	3.034	7,71	17	2,21				
6909	5	3.845	9,77	27	2,76				
6909	5	3.252	8,26	26	3,15				
6909	5	3.377	8,58	21	2,45				
6909	5	2.854	7,25	22	3,03				
6909	5	3.055	7,76	18	2,32				
6909	5	3.036	7,71	20	2,59				
6909	5	3.310	8,41	26	3,09				
6909	5	3.165	8,04	21	2,61				
6909	5	2.926	7,43	20	2,69				
6909	10	3.186	8,09	26	3,21				
6909	10	2.893	7,35	16	2,18				
6909	10	2.957	7,51	19	2,53				
6909	10	2.866	7,28	18	2,47				
6909	10	2.976	7,56	24	3,18				
6909	10	3.143	7,98	20	2,51				
6909	10	2.973	7,55	18	2,38				
6909	10	3.618	9,19	27	2,94				
6909	10	2.892	7,35	19	2,59				
6909	10	3.010	7,65	20	2,62				
6909	10	3.181	8,08	20	2,48				
6909	10	3.504	8,90	22	2,47				
6909	10	2.829	7,19	22	3,06				
6909	10	3.425	8,70	21	2,41				
6909	10	3.112	7,90	20	2,53				
6909	10	2.572	6,53	12	1,84				
6909	10	3.058	7,77	23	2,96				
6909	10	3.310	8,41	27	3,21				
6909	10	2.642	6,71	17	2,53				
6909	10	2.732	6,94	19	2,74				
6909	20	3.454	8,77	26	2,96				
6909	20	3.330	8,46	22	2,60				
6909	20	3.211	8,16	22	2,70				
6909	20	2.753	6,99	18	2,57				
6909	20	3.002	7,63	19	2,49				
6909	20	3.338	8,48	23	2,71				
6909	20	3.467	8,81	21	2,38				
6909	20	3.209	8,15	21	2,58				
6909	20	3.480	8,84	20	2,26				
6909	20	3.054	7,76	16	2,06				
6909	20	3.373	8,57	21	2,45				
6909	20	3.281	8,33	25	3,00				
6909	20	2.918	7,41	19	2,56				
6909	20	2.685	6,82	17	2,49				
6909	20	2.944	7,48	18	2,41				
6909	20	3.354	8,52	26	3,05				
6909	20	3.087	7,84	18	2,30				
6909	20	NA	NA	NA	NA				
6909	20	2.954	7,50	15	2,00				
6909	20	2.535	6,44	14	2,17				
6145	0.1	2.052	5,21	11	2,11				
6145	0.1	1.986	5,04	9	1,78				
6145	0.1	2.046	5,20	11	2,12				
6145	0.1	1.932	4,91	9	1,83				
6145	0.1	2.212	5,62	9	1,60				
6145	0.1	1.902	4,83	9	1,86				
6145	0.1	1.920	4,88	8	1,64				
6145	0.1	2.103	5,34	11	2,06				
6145	0.1	2.363	6,00	10	1,67				
6145	0.1	2.277	5,78	10	1,73				
6145	0.1	2.251	5,72	14	2,45				
6145	0.1	2.056	5,22	13	2,49				
6145	0.1	2.027	5,15	10	1,94				
6145	0.1	1.841	4,68	7	1,50				
6145	0.1	2.170	5,51	8	1,45				
6145	0.1	1.843	4,68	8	1,71				
6145	0.1	1.873	4,76	10	2,10				
6145	0.1	1.795	4,56	6	1,32				
6145	0.1	1.618	4,11	7	1,70				
6145	0.1	2.032	5,16	10	1,94				
6145	0.5	2.686	6,82	14	2,05				
6145	0.5	2.452	6,23	14	2,25				
6145	0.5	2.100	5,33	10	1,87				
6145	0.5	2.247	5,71	13	2,28				
6145	0.5	2.352	5,97	14	2,34				
6145	0.5	2.232	5,67	14	2,47				
6145	0.5	2.518	6,40	13	2,03				
6145	0.5	2.699	6,86	11	1,60				
6145	0.5	1.971	5,01	12	2,40				
6145	0.5	2.481	6,30	15	2,38				
6145	0.5	2.943	7,48	16	2,14				
6145	0.5	2.206	5,60	19	3,39				
6145	0.5	2.695	6,85	16	2,34				
6145	0.5	3.076	7,81	17	2,18				
6145	0.5	2.530	6,43	13	2,02				
6145	0.5	2.693	6,84	12	1,75				
6145	0.5	2.652	6,74	14	2,08				
6145	0.5	2.218	5,63	11	1,95				
6145	0.5	2.260	5,74	13	2,26				
6145	0.5	2.234	5,67	12	2,11				
6145	2	2.704	6,87	10	1,46				
6145	2	2.905	7,38	16	2,17				
6145	2	2.594	6,59	14	2,12				
6145	2	2.463	6,26	14	2,24				
6145	2	2.222	5,64	15	2,66				
6145	2	3.057	7,76	16	2,06				
6145	2	2.818	7,16	14	1,96				
6145	2	2.739	6,96	16	2,30				
6145	2	3.184	8,09	18	2,23				
6145	2	2.792	7,09	14	1,97				
6145	2	2.610	6,63	12	1,81				
6145	2	2.618	6,65	9	1,35				
6145	2	2.837	7,21	16	2,22				
6145	2	3.027	7,69	15	1,95				
6145	2	2.461	6,25	13	2,08				
6145	2	3.051	7,75	18	2,32				
6145	2	2.736	6,95	15	2,16				
6145	2	2.935	7,45	15	2,01				
6145	2	NA	NA	NA	NA				
6145	2	2.664	6,77	12	1,77				
6145	5	2.870	7,29	12	1,65				
6145	5	2.841	7,22	8	1,11				
6145	5	2.893	7,35	11	1,50				
6145	5	2.661	6,76	9	1,33				
6145	5	2.472	6,28	12	1,91				
6145	5	3.132	7,96	13	1,63				
6145	5	3.023	7,68	14	1,82				
6145	5	2.821	7,17	14	1,95				
6145	5	2.677	6,80	12	1,76				
6145	5	2.407	6,11	11	1,80				
6145	5	3.107	7,89	12	1,52				
6145	5	2.575	6,54	17	2,60				
6145	5	2.828	7,18	7	0,97				
6145	5	3.161	8,03	12	1,49				
6145	5	2.747	6,98	15	2,15				
6145	5	2.968	7,54	11	1,46				
6145	5	2.755	7,00	11	1,57				
6145	5	3.117	7,92	11	1,39				
6145	5	2.436	6,19	10	1,62				
6145	5	2.931	7,44	13	1,75				
6145	10	2.691	6,84	12	1,76				
6145	10	2.273	5,77	11	1,91				
6145	10	2.657	6,75	13	1,93				
6145	10	2.346	5,96	6	1,01				
6145	10	2.702	6,86	12	1,75				
6145	10	2.708	6,88	13	1,89				
6145	10	2.613	6,64	11	1,66				
6145	10	2.296	5,83	8	1,37				
6145	10	2.596	6,59	11	1,67				
6145	10	2.087	5,30	6	1,13				
6145	10	2.577	6,55	11	1,68				
6145	10	2.965	7,53	13	1,73				
6145	10	2.745	6,97	11	1,58				
6145	10	2.911	7,39	4	0,54				
6145	10	2.632	6,69	12	1,79				
6145	10	2.722	6,91	12	1,74				
6145	10	2.862	7,27	14	1,93				
6145	10	2.311	5,87	10	1,70				
6145	10	2.728	6,93	10	1,44				
6145	10	2.748	6,98	12	1,72				
6145	20	2.252	5,72	8	1,40				
6145	20	2.201	5,59	8	1,43				
6145	20	1.955	4,97	7	1,41				
6145	20	2.298	5,84	6	1,03				
6145	20	2.388	6,07	6	0,99				
6145	20	2.688	6,83	15	2,20				
6145	20	2.370	6,02	10	1,66				
6145	20	2.618	6,65	10	1,50				
6145	20	2.597	6,60	12	1,82				
6145	20	2.207	5,61	9	1,61				
6145	20	2.055	5,22	5	0,96				
6145	20	2.415	6,13	7	1,14				
6145	20	2.296	5,83	6	1,03				
6145	20	2.466	6,26	8	1,28				
6145	20	2.416	6,14	8	1,30				
6145	20	2.080	5,28	10	1,89				
6145	20	2.283	5,80	8	1,38				
6145	20	2.066	5,25	8	1,52				
6145	20	2.348	5,96	7	1,17				
6145	20	2.250	5,72	9	1,57				
6188	0.1	2.228	5,66	13	2,30				
6188	0.1	1.851	4,70	9	1,91				
6188	0.1	2.157	5,48	14	2,56				
6188	0.1	2.086	5,30	10	1,89				
6188	0.1	1.960	4,98	11	2,21				
6188	0.1	2.001	5,08	12	2,36				
6188	0.1	1.891	4,80	10	2,08				
6188	0.1	1.930	4,90	13	2,65				
6188	0.1	1.927	4,89	12	2,45				
6188	0.1	1.910	4,85	13	2,68				
6188	0.1	2.037	5,17	13	2,51				
6188	0.1	2.055	5,22	14	2,68				
6188	0.1	2.335	5,93	15	2,53				
6188	0.1	2.206	5,60	14	2,50				
6188	0.1	NA	NA	NA	NA				
6188	0.1	2.155	5,47	14	2,56				
6188	0.1	1.869	4,75	10	2,11				
6188	0.1	2.006	5,10	10	1,96				
6188	0.1	2.197	5,58	14	2,51				
6188	0.1	1.966	4,99	12	2,40				
6188	0.5	2.456	6,24	12	1,92				
6188	0.5	2.334	5,93	13	2,19				
6188	0.5	2.181	5,54	8	1,44				
6188	0.5	NA	NA	NA	NA				
6188	0.5	2.274	5,78	10	1,73				
6188	0.5	2.232	5,67	12	2,12				
6188	0.5	2.594	6,59	13	1,97				
6188	0.5	2.345	5,96	11	1,85				
6188	0.5	2.403	6,10	10	1,64				
6188	0.5	1.836	4,66	12	2,57				
6188	0.5	2.975	7,56	19	2,51				
6188	0.5	2.956	7,51	14	1,86				
6188	0.5	2.338	5,94	14	2,36				
6188	0.5	NA	NA	NA	NA				
6188	0.5	1.811	4,60	17	3,70				
6188	0.5	2.718	6,90	13	1,88				
6188	0.5	2.434	6,18	12	1,94				
6188	0.5	2.477	6,29	12	1,91				
6188	0.5	2.313	5,88	12	2,04				
6188	0.5	2.072	5,26	15	2,85				
6188	2	2.613	6,64	14	2,11				
6188	2	2.104	5,34	10	1,87				
6188	2	3.013	7,65	13	1,70				
6188	2	2.837	7,21	16	2,22				
6188	2	2.040	5,18	15	2,89				
6188	2	3.025	7,68	16	2,08				
6188	2	2.830	7,19	17	2,36				
6188	2	2.264	5,75	13	2,26				
6188	2	3.072	7,80	18	2,31				
6188	2	2.379	6,04	18	2,98				
6188	2	3.258	8,28	14	1,69				
6188	2	2.256	5,73	20	3,49				
6188	2	3.007	7,64	14	1,83				
6188	2	2.837	7,21	16	2,22				
6188	2	2.372	6,02	10	1,66				
6188	2	2.945	7,48	11	1,47				
6188	2	3.102	7,88	17	2,16				
6188	2	3.120	7,92	19	2,40				
6188	2	3.081	7,83	13	1,66				
6188	2	2.560	6,50	17	2,61				
6188	5	2.791	7,09	20	2,82				
6188	5	3.188	8,10	17	2,10				
6188	5	2.392	6,08	12	1,98				
6188	5	2.935	7,45	18	2,41				
6188	5	2.628	6,68	17	2,55				
6188	5	3.051	7,75	17	2,19				
6188	5	2.789	7,08	15	2,12				
6188	5	2.987	7,59	17	2,24				
6188	5	2.714	6,89	14	2,03				
6188	5	2.210	5,61	17	3,03				
6188	5	3.251	8,26	20	2,42				
6188	5	3.172	8,06	19	2,36				
6188	5	2.908	7,39	14	1,90				
6188	5	3.088	7,84	16	2,04				
6188	5	2.639	6,70	15	2,24				
6188	5	3.313	8,42	19	2,26				
6188	5	2.924	7,43	19	2,56				
6188	5	2.928	7,44	18	2,42				
6188	5	3.201	8,13	20	2,46				
6188	5	2.472	6,28	15	2,39				
6188	10	2.534	6,44	11	1,71				
6188	10	3.110	7,90	16	2,03				
6188	10	3.007	7,64	18	2,36				
6188	10	2.720	6,91	19	2,75				
6188	10	2.427	6,16	18	2,92				
6188	10	3.167	8,04	18	2,24				
6188	10	2.844	7,22	19	2,63				
6188	10	2.679	6,80	13	1,91				
6188	10	3.114	7,91	19	2,40				
6188	10	2.595	6,59	15	2,28				
6188	10	2.845	7,23	16	2,21				
6188	10	2.932	7,45	17	2,28				
6188	10	2.763	7,02	14	1,99				
6188	10	2.927	7,43	14	1,88				
6188	10	2.594	6,59	18	2,73				
6188	10	2.313	5,88	14	2,38				
6188	10	2.151	5,46	9	1,65				
6188	10	2.638	6,70	14	2,09				
6188	10	2.404	6,11	13	2,13				
6188	10	NA	NA	NA	NA				
6188	20	2.792	7,09	13	1,83				
6188	20	2.713	6,89	13	1,89				
6188	20	2.920	7,42	15	2,02				
6188	20	2.711	6,89	15	2,18				
6188	20	2.370	6,02	14	2,33				
6188	20	3.180	8,08	21	2,60				
6188	20	2.631	6,68	15	2,24				
6188	20	3.039	7,72	17	2,20				
6188	20	2.903	7,37	17	2,31				
6188	20	2.459	6,25	20	3,20				
6188	20	2.724	6,92	15	2,17				
6188	20	2.751	6,99	14	2,00				
6188	20	3.060	7,77	17	2,19				
6188	20	3.019	7,67	19	2,48				
6188	20	NA	NA	NA	NA				
6188	20	2.749	6,98	14	2,01				
6188	20	2.839	7,21	14	1,94				
6188	20	2.679	6,80	12	1,76				
6188	20	2.953	7,50	14	1,87				
6188	20	NA	NA	NA	NA				
7382	0.1	2.319	5,89	17	2,89				
7382	0.1	2.673	6,79	22	3,24				
7382	0.1	2.189	5,56	16	2,88				
7382	0.1	1.849	4,70	10	2,13				
7382	0.1	2.306	5,86	16	2,73				
7382	0.1	2.745	6,97	21	3,01				
7382	0.1	1.647	4,18	9	2,15				
7382	0.1	2.181	5,54	10	1,81				
7382	0.1	2.110	5,36	14	2,61				
7382	0.1	2.306	5,86	16	2,73				
7382	0.1	2.744	6,97	20	2,87				
7382	0.1	2.069	5,26	11	2,09				
7382	0.1	1.625	4,13	11	2,67				
7382	0.1	2.422	6,15	16	2,60				
7382	0.1	2.238	5,68	16	2,81				
7382	0.1	2.577	6,55	15	2,29				
7382	0.1	2.601	6,61	18	2,72				
7382	0.1	2.662	6,76	15	2,22				
7382	0.1	2.527	6,42	16	2,49				
7382	0.1	1.687	4,28	11	2,57				
7382	0.5	3.108	7,89	23	2,91				
7382	0.5	3.188	8,10	22	2,72				
7382	0.5	2.908	7,39	18	2,44				
7382	0.5	3.653	9,28	27	2,91				
7382	0.5	2.748	6,98	20	2,87				
7382	0.5	3.476	8,83	21	2,38				
7382	0.5	2.661	6,76	22	3,25				
7382	0.5	3.933	9,99	18	1,80				
7382	0.5	2.833	7,20	17	2,36				
7382	0.5	NA	NA	NA	NA				
7382	0.5	3.242	8,23	24	2,91				
7382	0.5	2.982	7,57	19	2,51				
7382	0.5	3.032	7,70	17	2,21				
7382	0.5	3.036	7,71	21	2,72				
7382	0.5	NA	NA	NA	NA				
7382	0.5	3.011	7,65	16	2,09				
7382	0.5	3.114	7,91	18	2,28				
7382	0.5	3.364	8,54	22	2,57				
7382	0.5	3.076	7,81	20	2,56				
7382	0.5	NA	NA	NA	NA				
7382	2	3.564	9,05	26	2,87				
7382	2	3.503	8,90	22	2,47				
7382	2	3.258	8,28	21	2,54				
7382	2	3.100	7,87	28	3,56				
7382	2	NA	NA	NA	NA				
7382	2	3.567	9,06	25	2,76				
7382	2	2.339	5,94	16	2,69				
7382	2	3.406	8,65	24	2,77				
7382	2	3.306	8,40	24	2,86				
7382	2	2.894	7,35	23	3,13				
7382	2	3.085	7,84	16	2,04				
7382	2	3.315	8,42	19	2,26				
7382	2	3.073	7,81	13	1,67				
7382	2	3.091	7,85	20	2,55				
7382	2	NA	NA	NA	NA				
7382	2	3.503	8,90	24	2,70				
7382	2	3.608	9,16	23	2,51				
7382	2	3.162	8,03	21	2,61				
7382	2	3.072	7,80	19	2,43				
7382	2	NA	NA	NA	NA				
7382	5	2.679	6,80	20	2,94				
7382	5	3.521	8,94	26	2,91				
7382	5	3.644	9,26	24	2,59				
7382	5	3.378	8,58	26	3,03				
7382	5	NA	NA	NA	NA				
7382	5	3.438	8,73	22	2,52				
7382	5	2.870	7,29	17	2,33				
7382	5	3.887	9,87	27	2,73				
7382	5	2.885	7,33	23	3,14				
7382	5	2.537	6,44	20	3,10				
7382	5	3.924	9,97	26	2,61				
7382	5	3.358	8,53	26	3,05				
7382	5	3.331	8,46	24	2,84				
7382	5	2.991	7,60	26	3,42				
7382	5	NA	NA	NA	NA				
7382	5	3.128	7,95	19	2,39				
7382	5	3.549	9,01	23	2,55				
7382	5	3.482	8,84	21	2,37				
7382	5	3.293	8,36	29	3,47				
7382	5	NA	NA	NA	NA				
7382	10	3.566	9,06	21	2,32				
7382	10	3.597	9,14	23	2,52				
7382	10	2.953	7,50	18	2,40				
7382	10	3.059	7,77	22	2,83				
7382	10	NA	NA	NA	NA				
7382	10	3.579	9,09	20	2,20				
7382	10	3.120	7,92	18	2,27				
7382	10	3.076	7,81	17	2,18				
7382	10	3.547	9,01	21	2,33				
7382	10	NA	NA	NA	NA				
7382	10	3.419	8,68	21	2,42				
7382	10	3.158	8,02	24	2,99				
7382	10	3.259	8,28	26	3,14				
7382	10	3.107	7,89	18	2,28				
7382	10	2.816	7,15	23	3,22				
7382	10	3.084	7,83	17	2,17				
7382	10	2.977	7,56	17	2,25				
7382	10	2.923	7,42	16	2,16				
7382	10	3.101	7,88	20	2,54				
7382	10	3.092	7,85	18	2,29				
7382	20	3.398	8,63	26	3,01				
7382	20	3.369	8,56	21	2,45				
7382	20	3.494	8,87	19	2,14				
7382	20	3.622	9,20	25	2,72				
7382	20	NA	NA	NA	NA				
7382	20	3.570	9,07	22	2,43				
7382	20	3.503	8,90	23	2,58				
7382	20	3.290	8,36	21	2,51				
7382	20	3.252	8,26	22	2,66				
7382	20	NA	NA	NA	NA				
7382	20	3.393	8,62	27	3,13				
7382	20	3.520	8,94	26	2,91				
7382	20	3.477	8,83	24	2,72				
7382	20	3.140	7,98	23	2,88				
7382	20	NA	NA	NA	NA				
7382	20	3.605	9,16	26	2,84				
7382	20	3.827	9,72	32	3,29				
7382	20	3.601	9,15	20	2,19				
7382	20	3.793	9,63	28	2,91				
7382	20	NA	NA	NA	NA				
5832	0.1	2.458	6,24	19	3,04				
5832	0.1	2.116	5,37	17	3,16				
5832	0.1	2.305	5,85	21	3,59				
5832	0.1	2.313	5,88	16	2,72				
5832	0.1	2.432	6,18	17	2,75				
5832	0.1	2.473	6,28	18	2,87				
5832	0.1	2.303	5,85	21	3,59				
5832	0.1	2.124	5,39	15	2,78				
5832	0.1	2.266	5,76	18	3,13				
5832	0.1	1.992	5,06	17	3,36				
5832	0.1	2.413	6,13	21	3,43				
5832	0.1	2.275	5,78	18	3,11				
5832	0.1	2.446	6,21	16	2,58				
5832	0.1	2.166	5,50	18	3,27				
5832	0.1	2.367	6,01	19	3,16				
5832	0.1	2.340	5,94	22	3,70				
5832	0.1	2.370	6,02	18	2,99				
5832	0.1	2.311	5,87	20	3,41				
5832	0.1	2.371	6,02	19	3,15				
5832	0.1	2.340	5,94	18	3,03				
5832	0.5	3.601	9,15	20	2,19				
5832	0.5	3.249	8,25	25	3,03				
5832	0.5	3.222	8,18	25	3,05				
5832	0.5	3.226	8,19	25	3,05				
5832	0.5	NA	NA	NA	NA				
5832	0.5	3.425	8,70	24	2,76				
5832	0.5	3.490	8,86	25	2,82				
5832	0.5	3.292	8,36	23	2,75				
5832	0.5	3.306	8,40	25	2,98				
5832	0.5	NA	NA	NA	NA				
5832	0.5	3.575	9,08	30	3,30				
5832	0.5	3.255	8,27	22	2,66				
5832	0.5	3.129	7,95	21	2,64				
5832	0.5	3.435	8,72	24	2,75				
5832	0.5	NA	NA	NA	NA				
5832	0.5	3.261	8,28	25	3,02				
5832	0.5	2.639	6,70	20	2,98				
5832	0.5	2.960	7,52	22	2,93				
5832	0.5	3.359	8,53	23	2,70				
5832	0.5	2.909	7,39	19	2,57				
5832	2	3.313	8,42	25	2,97				
5832	2	3.158	8,02	25	3,12				
5832	2	3.169	8,05	26	3,23				
5832	2	3.579	9,09	26	2,86				
5832	2	NA	NA	NA	NA				
5832	2	2.848	7,23	23	3,18				
5832	2	3.419	8,68	27	3,11				
5832	2	3.115	7,91	19	2,40				
5832	2	3.239	8,23	22	2,67				
5832	2	NA	NA	NA	NA				
5832	2	3.419	8,68	24	2,76				
5832	2	3.543	9,00	29	3,22				
5832	2	3.334	8,47	25	2,95				
5832	2	3.589	9,12	26	2,85				
5832	2	NA	NA	NA	NA				
5832	2	3.568	9,06	26	2,87				
5832	2	3.688	9,37	28	2,99				
5832	2	2.770	7,04	20	2,84				
5832	2	3.087	7,84	19	2,42				
5832	2	NA	NA	NA	NA				
5832	5	3.789	9,62	31	3,22				
5832	5	3.470	8,81	27	3,06				
5832	5	3.545	9,00	29	3,22				
5832	5	3.604	9,15	29	3,17				
5832	5	NA	NA	NA	NA				
5832	5	3.932	9,99	31	3,10				
5832	5	3.728	9,47	29	3,06				
5832	5	3.573	9,08	27	2,98				
5832	5	3.662	9,30	30	3,23				
5832	5	NA	NA	NA	NA				
5832	5	3.616	9,18	27	2,94				
5832	5	3.792	9,63	30	3,11				
5832	5	3.552	9,02	26	2,88				
5832	5	3.489	8,86	29	3,27				
5832	5	NA	NA	NA	NA				
5832	5	3.472	8,82	25	2,83				
5832	5	3.596	9,13	31	3,39				
5832	5	3.230	8,20	19	2,32				
5832	5	3.519	8,94	28	3,13				
5832	5	NA	NA	NA	NA				
5832	10	3.481	8,84	26	2,94				
5832	10	3.350	8,51	23	2,70				
5832	10	3.262	8,29	22	2,66				
5832	10	3.631	9,22	24	2,60				
5832	10	NA	NA	NA	NA				
5832	10	3.450	8,76	27	3,08				
5832	10	3.183	8,08	24	2,97				
5832	10	3.403	8,64	26	3,01				
5832	10	3.544	9,00	25	2,78				
5832	10	3.426	8,70	29	3,33				
5832	10	3.698	9,39	27	2,87				
5832	10	3.385	8,60	20	2,33				
5832	10	NA	NA	NA	NA				
5832	10	3.445	8,75	24	2,74				
5832	10	NA	NA	NA	NA				
5832	10	3.549	9,01	28	3,11				
5832	10	3.393	8,62	24	2,78				
5832	10	3.175	8,06	24	2,98				
5832	10	3.625	9,21	23	2,50				
5832	10	NA	NA	NA	NA				
5832	20	3.888	9,88	32	3,24				
5832	20	3.812	9,68	27	2,79				
5832	20	3.885	9,87	31	3,14				
5832	20	3.911	9,93	30	3,02				
5832	20	NA	NA	NA	NA				
5832	20	3.849	9,78	32	3,27				
5832	20	3.827	9,72	30	3,09				
5832	20	3.715	9,44	30	3,18				
5832	20	3.255	8,27	29	3,51				
5832	20	NA	NA	NA	NA				
5832	20	3.960	10,06	34	3,38				
5832	20	4.194	10,65	36	3,38				
5832	20	3.659	9,29	30	3,23				
5832	20	3.708	9,42	27	2,87				
5832	20	NA	NA	NA	NA				
5832	20	4.012	10,19	33	3,24				
5832	20	4.141	10,52	32	3,04				
5832	20	4.027	10,23	30	2,93				
5832	20	4.161	10,57	36	3,41				
5832	20	NA	NA	NA	NA				
